1 condition	154988746	0	154988745	32	1601.84ms		158994	0	79508	22	6.152ms
2 condition	361529765	0	361529763	32	1988.84ms		164352	0	82196	22	0.205ms
3 condition	516524172	1	516524169	32	1460.94ms		0	1	0	22	0ms
4 condition	688707160	0	688707156	32	1619.08ms		208515	0	104289	23	1.523ms
5 condition	843670148	0	843670143	32	1465.04ms		208635	0	104357	23	0.007ms
6 condition	1015857029	1	1015857023	32	1619.29ms		0	1	0	23	0ms
7 condition	1170850692	0	1170850685	32	1460.13ms		908753	0	454428	24	25.05ms
8 condition	1325845099	1	1325845091	32	1451.98ms		0	1	0	24	0ms
9 condition	1498031980	1	1498031971	32	1623.23ms		0	1	0	24	0ms
10 condition	1670218346	0	1670218336	32	1616.68ms		917496	0	458813	27	0.411ms
11 condition	1876790175	1	1876790164	32	1936.62ms		0	1	0	27	0ms
12 condition	2031783088	0	2031783076	32	1455.3ms		978054	0	489104	27	2.111ms
13 condition	2203944489	0	2203944476	32	1618.09ms		981091	0	490631	27	0.116ms
14 condition	2376128001	0	2376127987	32	1620.08ms		993472	0	496832	27	0.435ms
15 condition	2548313633	0	2548313618	32	1624.86ms		1784733	0	892475	27	27.556ms
16 condition	2720500150	0	2720500134	32	1639.99ms		3171132	0	1585687	27	48.901ms
17 condition	2892687031	1	2892687014	32	1625.25ms		0	1	0	27	0ms
18 condition	3047681438	1	3047681420	32	1454.64ms		0	1	0	27	0ms
19 condition	3202675845	1	3202675826	32	1464ms		0	1	0	27	0ms
20 condition	3357634216	0	3357634196	32	1452.82ms		3185326	0	1592793	27	0.505ms
